0.106445
-0.000977
0.039062
0.019531
0.134766
-0.049805
-0.021484
-0.031250
0.096680
0.037109
0.083008
0.038086
0.138672
0.023438
0.056641
0.022461
0.129883
0.032227
0.073242
0.039062
0.139648
-0.076172
-0.054688
-0.068359
0.059570
-0.080078
-0.025391
-0.038086
0.088867
-0.012695
0.036133
0.014648
0.127930
-0.208984
-0.183594
-0.158203
0.002930
-0.097656
-0.041016
-0.053711
0.073242
-0.198242
-0.171875
-0.158203
-0.008789
-0.111328
-0.050781
-0.059570
0.067383
0.041016
0.095703
0.054688
0.152344
-0.141602
-0.132812
-0.113281
0.030273
-0.083008
-0.038086
-0.037109
0.090820
-0.158203
-0.128906
-0.119141
0.022461
-0.092773
-0.038086
-0.049805
0.073242
0.045898
0.100586
0.052734
0.152344
0.020508
0.049805
0.011719
0.119141
0.020508
0.057617
0.025391
0.131836
0.059570
0.096680
0.050781
0.149414
-0.141602
-0.131836
-0.124023
0.020508
-0.124023
-0.073242
-0.072266
0.051758
-0.152344
-0.110352
-0.100586
0.040039
-0.132812
-0.085938
-0.081055
0.053711
-0.000977
0.061523
0.038086
0.148438
0.036133
0.076172
0.041992
0.150391
0.084961
0.123047
0.073242
0.166992
-0.071289
-0.062500
-0.061523
0.070312
-0.071289
-0.032227
-0.034180
0.089844
-0.180664
-0.154297
-0.138672
0.009766
-0.106445
-0.052734
-0.063477
0.061523
0.028320
0.083008
0.041992
0.140625
0.014648
0.044922
0.005859
0.108398
0.028320
0.070312
0.034180
0.137695
0.060547
0.098633
0.046875
0.145508
-0.125977
-0.119141
-0.113281
0.026367
-0.145508
-0.099609
-0.096680
0.035156
-0.194336
-0.154297
-0.135742
0.010742
-0.153320
-0.102539
-0.092773
0.045898
-0.005859
0.055664
0.033203
0.142578
0.029297
0.069336
0.040039
0.147461
0.081055
0.115234
0.065430
0.155273
-0.080078
-0.069336
-0.067383
0.065430
-0.083984
-0.051758
-0.054688
0.071289
-0.185547
-0.160156
-0.144531
0.005859
-0.111328
-0.063477
-0.073242
0.054688
0.029297
0.081055
0.038086
0.137695
0.015625
0.041016
0.002930
0.109375
0.024414
0.061523
0.026367
0.130859
0.060547
0.097656
0.050781
0.145508
-0.125000
-0.120117
-0.116211
0.018555
-0.113281
-0.066406
-0.071289
0.055664
-0.151367
-0.116211
-0.112305
0.029297
-0.132812
-0.087891
-0.083984
0.049805
-0.002930
0.049805
0.026367
0.136719
0.033203
0.072266
0.040039
0.145508
0.079102
0.111328
0.061523
0.155273
-0.082031
-0.073242
-0.069336
0.062500
-0.089844
-0.053711
-0.053711
0.073242
-0.182617
-0.154297
-0.142578
0.000000
-0.127930
-0.077148
-0.083984
0.043945
0.009766
0.063477
0.022461
0.122070
-0.004883
0.027344
-0.008789
0.100586
0.021484
0.057617
0.022461
0.126953
0.065430
0.104492
0.052734
0.145508
-0.115234
-0.112305
-0.111328
0.025391
-0.115234
-0.067383
-0.072266
0.053711
-0.145508
-0.105469
-0.103516
0.033203
-0.173828
-0.128906
-0.118164
0.020508
-0.038086
0.029297
0.010742
0.124023
0.016602
0.061523
0.026367
0.135742
0.074219
0.112305
0.060547
0.153320
-0.067383
-0.057617
-0.061523
0.067383
-0.075195
-0.040039
-0.043945
0.080078
-0.180664
-0.159180
-0.145508
0.002930
-0.125000
-0.076172
-0.083008
0.043945
0.007812
0.064453
0.026367
0.125977
-0.002930
0.030273
-0.006836
0.094727
0.007812
0.051758
0.014648
0.121094
0.041992
0.083008
0.033203
0.128906
-0.145508
-0.135742
-0.128906
0.010742
-0.135742
-0.091797
-0.090820
0.040039
-0.151367
-0.106445
-0.102539
0.034180
-0.149414
-0.109375
-0.104492
0.034180
-0.030273
0.034180
0.011719
0.125000
0.002930
0.049805
0.022461
0.130859
0.065430
0.103516
0.054688
0.143555
-0.083984
-0.066406
-0.068359
0.061523
-0.087891
-0.046875
-0.053711
0.071289
-0.209961
-0.183594
-0.164062
-0.014648
-0.140625
-0.088867
-0.095703
0.034180
0.003906
0.062500
0.021484
0.123047
-0.010742
0.020508
-0.015625
0.092773
0.006836
0.050781
0.015625
0.120117
0.035156
0.075195
0.030273
0.127930
-0.158203
-0.149414
-0.141602
-0.000977
-0.146484
-0.090820
-0.092773
0.037109
-0.166016
-0.121094
-0.118164
0.019531
-0.151367
-0.100586
-0.096680
0.039062
-0.019531
0.038086
0.016602
0.125977
0.002930
0.046875
0.017578
0.125977
0.048828
0.083984
0.040039
0.135742
-0.107422
-0.091797
-0.088867
0.045898
-0.069336
-0.028320
-0.037109
0.083008
-0.185547
-0.161133
-0.147461
-0.005859
-0.131836
-0.080078
-0.087891
0.040039
0.008789
0.063477
0.021484
0.120117
-0.001953
0.031250
-0.006836
0.098633
0.003906
0.044922
0.009766
0.115234
0.039062
0.079102
0.034180
0.129883
-0.151367
-0.144531
-0.138672
0.003906
-0.133789
-0.079102
-0.083984
0.042969
-0.177734
-0.134766
-0.125000
0.016602
-0.145508
-0.096680
-0.091797
0.038086
-0.025391
0.037109
0.014648
0.125000
0.013672
0.056641
0.022461
0.127930
0.054688
0.094727
0.045898
0.138672
-0.095703
-0.083008
-0.083008
0.047852
-0.088867
-0.049805
-0.053711
0.069336
-0.196289
-0.174805
-0.159180
-0.011719
-0.139648
-0.086914
-0.093750
0.036133
-0.003906
0.052734
0.014648
0.116211
-0.011719
0.020508
-0.016602
0.086914
0.003906
0.049805
0.011719
0.116211
0.032227
0.070312
0.023438
0.121094
-0.178711
-0.172852
-0.159180
-0.011719
-0.148438
-0.097656
-0.102539
0.029297
-0.164062
-0.124023
-0.119141
0.020508
-0.162109
-0.123047
-0.114258
0.025391
-0.022461
0.040039
0.016602
0.125977
0.011719
0.052734
0.022461
0.128906
0.068359
0.103516
0.052734
0.141602
-0.102539
-0.090820
-0.088867
0.043945
-0.080078
-0.041992
-0.055664
0.071289
-0.189453
-0.162109
-0.151367
-0.004883
-0.117188
-0.067383
-0.083008
0.043945
0.018555
0.071289
0.026367
0.125000
0.000000
0.024414
-0.014648
0.091797
0.007812
0.050781
0.013672
0.116211
0.034180
0.070312
0.023438
0.123047
-0.152344
-0.147461
-0.140625
-0.002930
-0.120117
-0.068359
-0.076172
0.047852
-0.147461
-0.113281
-0.115234
0.023438
-0.131836
-0.089844
-0.089844
0.044922
-0.011719
0.044922
0.013672
0.124023
0.021484
0.059570
0.027344
0.131836
0.068359
0.097656
0.046875
0.141602
-0.089844
-0.077148
-0.079102
0.050781
-0.101562
-0.065430
-0.069336
0.059570
-0.212891
-0.184570
-0.168945
-0.021484
-0.136719
-0.083984
-0.091797
0.036133
0.008789
0.062500
0.016602
0.114258
-0.012695
0.018555
-0.018555
0.088867
0.008789
0.050781
0.007812
0.114258
0.039062
0.076172
0.028320
0.125977
-0.138672
-0.135742
-0.131836
0.005859
-0.113281
-0.063477
-0.071289
0.049805
-0.166992
-0.129883
-0.122070
0.017578
-0.150391
-0.101562
-0.098633
0.032227
-0.025391
0.037109
0.013672
0.122070
0.014648
0.056641
0.022461
0.125977
0.057617
0.094727
0.043945
0.138672
-0.101562
-0.089844
-0.093750
0.042969
-0.088867
-0.049805
-0.055664
0.066406
-0.218750
-0.195312
-0.177734
-0.026367
-0.150391
-0.093750
-0.100586
0.028320
-0.001953
0.054688
0.014648
0.116211
-0.006836
0.025391
-0.014648
0.088867
0.005859
0.049805
0.013672
0.116211
0.043945
0.083984
0.035156
0.125977
-0.137695
-0.127930
-0.125977
0.010742
-0.123047
-0.075195
-0.084961
0.041016
-0.176758
-0.140625
-0.129883
0.010742
-0.148438
-0.104492
-0.102539
0.033203
-0.027344
0.033203
0.009766
0.120117
0.006836
0.048828
0.016602
0.125000
0.059570
0.096680
0.043945
0.133789
-0.108398
-0.095703
-0.092773
0.041016
-0.073242
-0.032227
-0.041016
0.073242
-0.212891
-0.190430
-0.171875
-0.022461
-0.145508
-0.090820
-0.104492
0.025391
-0.008789
0.043945
0.007812
0.110352
-0.017578
0.009766
-0.026367
0.082031
-0.000977
0.040039
0.004883
0.110352
0.031250
0.068359
0.024414
0.122070
-0.148438
-0.139648
-0.135742
-0.002930
-0.141602
-0.090820
-0.094727
0.032227
-0.150391
-0.109375
-0.108398
0.022461
-0.156250
-0.110352
-0.105469
0.032227
-0.024414
0.039062
0.009766
0.119141
0.008789
0.049805
0.019531
0.125000
0.065430
0.095703
0.043945
0.137695
-0.103516
-0.092773
-0.090820
0.042969
-0.110352
-0.076172
-0.073242
0.054688
-0.199219
-0.169922
-0.157227
-0.016602
-0.138672
-0.085938
-0.094727
0.032227
-0.000977
0.055664
0.013672
0.109375
-0.022461
0.011719
-0.026367
0.084961
-0.005859
0.038086
-0.001953
0.104492
0.026367
0.069336
0.022461
0.120117
-0.150391
-0.141602
-0.137695
0.000977
-0.106445
-0.052734
-0.063477
0.055664
-0.159180
-0.122070
-0.118164
0.021484
-0.159180
-0.114258
-0.109375
0.023438
-0.038086
0.026367
0.003906
0.116211
0.001953
0.046875
0.016602
0.119141
0.055664
0.093750
0.042969
0.137695
-0.110352
-0.095703
-0.096680
0.037109
-0.099609
-0.054688
-0.059570
0.064453
-0.196289
-0.174805
-0.161133
-0.012695
-0.137695
-0.084961
-0.093750
0.034180
0.000977
0.055664
0.014648
0.115234
-0.022461
0.010742
-0.026367
0.080078
-0.012695
0.032227
-0.000977
0.104492
0.030273
0.071289
0.025391
0.118164
-0.147461
-0.135742
-0.133789
0.003906
-0.127930
-0.078125
-0.087891
0.036133
-0.161133
-0.122070
-0.116211
0.020508
-0.150391
-0.104492
-0.102539
0.033203
-0.027344
0.034180
0.009766
0.120117
-0.003906
0.038086
0.011719
0.119141
0.046875
0.085938
0.038086
0.131836
-0.122070
-0.107422
-0.102539
0.033203
-0.091797
-0.050781
-0.055664
0.061523
-0.219727
-0.192383
-0.173828
-0.024414
-0.137695
-0.082031
-0.094727
0.031250
0.002930
0.059570
0.016602
0.116211
-0.006836
0.021484
-0.020508
0.085938
-0.010742
0.032227
-0.002930
0.103516
0.024414
0.068359
0.021484
0.120117
-0.133789
-0.120117
-0.122070
0.011719
-0.108398
-0.055664
-0.069336
0.050781
-0.172852
-0.136719
-0.129883
0.006836
-0.174805
-0.128906
-0.121094
0.018555
-0.037109
0.024414
-0.002930
0.110352
0.003906
0.047852
0.016602
0.124023
0.052734
0.086914
0.038086
0.132812
-0.116211
-0.104492
-0.098633
0.034180
-0.115234
-0.076172
-0.077148
0.050781
-0.192383
-0.165039
-0.155273
-0.007812
-0.133789
-0.081055
-0.091797
0.033203
0.001953
0.055664
0.013672
0.109375
-0.018555
0.013672
-0.026367
0.082031
0.000977
0.040039
0.000977
0.107422
0.031250
0.072266
0.024414
0.122070
-0.149414
-0.142578
-0.141602
-0.001953
-0.127930
-0.076172
-0.084961
0.040039
-0.182617
-0.144531
-0.136719
0.005859
-0.186523
-0.139648
-0.128906
0.013672
-0.045898
0.020508
0.000977
0.113281
0.039062
0.085938
0.047852
0.142578
-0.145508
-0.135742
-0.122070
0.020508
-0.131836
-0.089844
-0.086914
0.043945
-0.093750
-0.049805
-0.074219
0.045898
-0.097656
-0.071289
-0.079102
0.045898
-0.160156
-0.124023
-0.122070
0.014648
-0.090820
-0.043945
-0.061523
0.059570
-0.059570
-0.020508
-0.041992
0.075195
-0.105469
-0.068359
-0.081055
0.044922
-0.018555
0.030273
-0.009766
0.089844
-0.020508
0.020508
-0.012695
0.094727
-0.016602
0.024414
-0.016602
0.090820
-0.096680
-0.069336
-0.080078
0.045898
-0.068359
-0.028320
-0.049805
0.068359
-0.028320
0.010742
-0.016602
0.091797
-0.172852
-0.155273
-0.155273
-0.014648
-0.135742
-0.082031
-0.090820
0.035156
-0.151367
-0.118164
-0.116211
0.019531
-0.097656
-0.057617
-0.064453
0.055664
-0.144531
-0.111328
-0.112305
0.021484
-0.184570
-0.154297
-0.146484
-0.002930
-0.120117
-0.077148
-0.080078
0.047852
-0.155273
-0.119141
-0.120117
0.017578
-0.097656
-0.053711
-0.065430
0.058594
-0.119141
-0.086914
-0.092773
0.039062
-0.165039
-0.137695
-0.126953
0.013672
-0.120117
-0.076172
-0.077148
0.049805
-0.147461
-0.112305
-0.109375
0.024414
-0.086914
-0.041016
-0.053711
0.069336
-0.090820
-0.053711
-0.071289
0.055664
-0.141602
-0.113281
-0.106445
0.032227
-0.084961
-0.044922
-0.056641
0.069336
-0.103516
-0.069336
-0.076172
0.053711
-0.048828
-0.011719
-0.031250
0.085938
-0.093750
-0.063477
-0.080078
0.043945
-0.082031
-0.043945
-0.062500
0.057617
-0.123047
